Element ["" "" "" "" 0 0 0 0 0 100 ""]
(
    Pad [-2559 3937 2559 3937 3150 3000 3750 "1" "1" "square"]
    Pad [-2559 -3937 2559 -3937 3150 3000 3750 "2" "2" "square"]
    ElementLine [-5134 6512 5134 6512 1000]
    ElementLine [5134 6512 5134 -6512 1000]
    ElementLine [5134 -6512 -5134 -6512 1000]
    ElementLine [-5134 -6512 -5134 -3000 1000]
    ElementLine [-5134 -3000 -2134 0 1000]
    ElementLine [-2134 0 -5134 3000 1000]
    ElementLine [-5134 3000 -5134 6512 1000]
    ElementLine [-5134 6512 -5134 6512 1000]
)
