Element ["" "" "" "" 0 0 0 0 0 100 ""]
(
    Pin [0 0 5156 3000 5756 2756 "1" "1" "square"]
    Pin [-7874 0 5156 3000 5756 2756 "2" "2" ""]
    Pin [-15748 0 5156 3000 5756 2756 "3" "3" ""]
    ElementLine [-23622 10433 7874 10433 1000]
    ElementLine [7874 10433 7874 -10433 1000]
    ElementLine [7874 -10433 -23622 -10433 1000]
    ElementLine [-23622 -10433 -23622 10433 1000]
    ElementLine [-10499 10433 -10499 6496 1000]
    ElementLine [-10499 6496 -5249 6496 1000]
    ElementLine [-5249 6496 -5249 10433 1000]
)
