
Element["" "" "" "" 5500 5500 0 0 0 100 ""]
(
	Pin[0 0 6000 3000 6600 2800 "1" "1" ""]
	Pin[0 30000 6000 3000 6600 2800 "4" "4" ""]
	Pin[0 60000 6000 3000 6600 2800 "7" "7" ""]
	Pin[30000 60000 6000 3000 6600 2800 "8" "8" ""]
	Pin[30000 30000 6000 3000 6600 2800 "11" "11" ""]
	Pin[30000 0 6000 3000 6600 2800 "14" "14" ""]
	ElementLine [20000 25000 35000 25000 1000]
	ElementLine [-5000 25000 10000 25000 1000]
	ElementLine [20000 -5000 35000 -5000 1000]
	ElementLine [-5000 -5000 10000 -5000 1000]
	ElementLine [35000 65000 35000 -5000 1000]
	ElementLine [-5000 65000 35000 65000 1000]
	ElementLine [-5000 -5000 -5000 65000 1000]
	ElementArc [15000 25000 5000 5000 0 180 1000]
	ElementArc [15000 -5000 5000 5000 0 180 1000]

	)
