Element ["" "" "" "" 0 0 0 0 0 100 ""]
(
    Pad [-3248 3445 -3248 2657 2559 3000 3159 "1" "1" "square"]
    Pad [3248 3445 3248 2657 2559 3000 3159 "2" "2" "square"]
    Pad [3248 -2657 3248 -3445 2559 3000 3159 "3" "3" "square"]
    Pad [-3248 -2657 -3248 -3445 2559 3000 3159 "4" "4" "square"]
    ElementLine [-5528 5724 5528 5724 1000]
    ElementLine [5528 5724 5528 -5724 1000]
    ElementLine [5528 -5724 -5528 -5724 1000]
    ElementLine [-5528 -5724 -5528 -3000 1000]
    ElementLine [-5528 -3000 -2528 0 1000]
    ElementLine [-2528 0 -5528 3000 1000]
    ElementLine [-5528 3000 -5528 5724 1000]
    ElementLine [-5528 5724 -5528 5724 1000]
)
