Element ["" "" "" "" 0 0 0 0 0 100 ""]
(
    Pad [-10000 8661 -10000 7874 7087 3000 7687 "1" "1" "square"]
    Pad [10000 8661 10000 7874 7087 3000 7687 "2" "2" "square"]
    Pad [10000 -7874 10000 -8661 7087 3000 7687 "3" "3" "square"]
    Pad [-10000 -7874 -10000 -8661 7087 3000 7687 "4" "4" "square"]
    ElementLine [-14543 13205 14543 13205 1000]
    ElementLine [14543 13205 14543 -13205 1000]
    ElementLine [14543 -13205 -14543 -13205 1000]
    ElementLine [-14543 -13205 -14543 -3000 1000]
    ElementLine [-14543 -3000 -11543 0 1000]
    ElementLine [-11543 0 -14543 3000 1000]
    ElementLine [-14543 3000 -14543 13205 1000]
    ElementLine [-14543 13205 -14543 13205 1000]
)
